0.000000 0.000000 
16.966667 0.000000 
17.317949 1.000000 
17.400000 2.000000 
17.466667 3.000000 
17.533333 4.000000 
17.666667 5.000000 
34.333333 6.000000 
34.533333 7.000000 
34.600000 8.000000 
35.160241 9.000000 
40.000000 8.000000 
40.066667 7.000000 
40.133333 6.000000 
40.200000 5.000000 
40.266667 4.000000 
40.333333 5.000000 
40.364103 6.000000 
40.394872 7.000000 
40.456410 8.000000 
44.523077 7.000000 
44.533333 6.000000 
44.600000 5.000000 
45.160241 4.000000 
50.333333 3.000000 
50.364103 2.000000 
50.394872 1.000000 
50.456410 0.000000 
56.966667 0.000000 
57.400000 1.000000 
74.333333 2.000000 
74.466667 3.000000 
80.000000 2.000000 
80.333333 3.000000 
80.364103 4.000000 
80.425641 5.000000 
84.758974 4.000000 
84.466667 3.000000 
90.333333 2.000000 
90.364103 1.000000 
90.425641 0.000000 
96.966667 0.000000 
97.333333 1.000000 
97.419950 2.000000 
100.582467 3.000000 
100.686616 4.000000 
120.000000 3.000000 
120.066667 2.000000 
120.133333 1.000000 
120.200000 0.000000 
136.966667 0.000000 
137.333333 1.000000 
137.333333 2.000000 
137.364103 3.000000 
137.400000 4.000000 
137.466667 5.000000 
160.000000 4.000000 
160.066667 3.000000 
160.133333 2.000000 
160.200000 1.000000 
160.266667 0.000000 
160.364103 1.000000 
177.000000 0.000000 
177.364103 1.000000 
177.666667 2.000000 
194.400000 3.000000 
194.767665 4.000000 
200.000000 3.000000 
200.066667 2.000000 
200.333333 3.000000 
204.666667 2.000000 
204.767665 1.000000 
210.333333 0.000000 
216.966667 0.000000 
217.333333 1.000000 
217.466667 2.000000 
221.343599 3.000000 
221.465982 4.000000 
223.465658 5.000000 
234.333333 6.000000 
240.000000 5.000000 
240.066667 4.000000 
240.133333 3.000000 
240.200000 2.000000 
240.266667 1.000000 
240.333333 2.000000 
244.400000 1.000000 
250.333333 0.000000 
256.966667 0.000000 
257.333333 1.000000 
257.400000 2.000000 
274.400000 3.000000 
274.466667 4.000000 
280.000000 3.000000 
280.066667 2.000000 
280.333333 3.000000 
280.394872 4.000000 
284.728205 3.000000 
284.466667 2.000000 
290.333333 1.000000 
290.394872 0.000000 
296.966667 0.000000 
297.333333 1.000000 
297.364103 2.000000 
297.400000 3.000000 
297.666667 4.000000 
297.733333 5.000000 
301.309664 6.000000 
314.333333 7.000000 
314.400000 8.000000 
314.466667 9.000000 
320.000000 8.000000 
320.066667 7.000000 
320.133333 6.000000 
320.200000 5.000000 
320.266667 4.000000 
320.333333 3.000000 
324.333333 2.000000 
324.400000 1.000000 
324.466667 0.000000 
336.966667 0.000000 
337.333333 1.000000 
337.333333 2.000000 
337.400000 3.000000 
354.400000 4.000000 
360.000000 3.000000 
360.066667 2.000000 
360.133333 1.000000 
360.333333 2.000000 
360.425641 3.000000 
364.692308 2.000000 
370.333333 1.000000 
370.425641 0.000000 
376.966667 0.000000 
377.333333 1.000000 
377.333333 2.000000 
377.364103 3.000000 
377.400000 4.000000 
381.221774 5.000000 
382.115769 6.000000 
394.333333 7.000000 
394.400000 8.000000 
400.000000 7.000000 
400.066667 6.000000 
400.133333 5.000000 
400.200000 4.000000 
400.266667 3.000000 
400.333333 2.000000 
400.394872 3.000000 
404.394872 2.000000 
404.400000 1.000000 
410.394872 0.000000 
416.966667 0.000000 
417.333333 1.000000 
417.333333 2.000000 
417.394872 3.000000 
417.400000 4.000000 
417.733333 5.000000 
420.104427 6.000000 
440.000000 5.000000 
440.066667 4.000000 
440.133333 3.000000 
440.200000 2.000000 
440.266667 1.000000 
440.333333 0.000000 
440.364103 1.000000 
440.394872 2.000000 
457.000000 1.000000 
457.066667 0.000000 
457.364103 1.000000 
457.394872 2.000000 
457.800000 3.000000 
474.333333 4.000000 
474.400000 5.000000 
474.466667 6.000000 
480.000000 5.000000 
480.066667 4.000000 
480.133333 3.000000 
480.394872 4.000000 
480.425641 5.000000 
484.625641 4.000000 
484.400000 3.000000 
484.466667 2.000000 
490.394872 1.000000 
490.425641 0.000000 
496.966667 0.000000 
497.364103 1.000000 
497.394872 2.000000 
505.132088 3.000000 
500.925130 4.000000 
504.626718 5.000000 
514.300000 6.000000 
520.000000 5.000000 
520.066667 4.000000 
520.133333 3.000000 
520.333333 4.000000 
521.232088 3.000000 
520.965421 2.000000 
524.300000 1.000000 
530.333333 0.000000 
536.966667 0.000000 
537.333333 1.000000 
537.364103 2.000000 
537.394872 3.000000 
537.400000 4.000000 
554.333333 5.000000 
560.000000 4.000000 
560.066667 3.000000 
560.133333 2.000000 
560.200000 1.000000 
560.333333 2.000000 
560.364103 3.000000 
560.425641 4.000000 
564.558974 3.000000 
570.333333 2.000000 
570.364103 1.000000 
570.425641 0.000000 
576.966667 0.000000 
577.364103 1.000000 
577.394872 2.000000 
577.400000 3.000000 
594.400000 4.000000 
594.533333 5.000000 
594.795787 6.000000 
600.000000 5.000000 
600.066667 4.000000 
600.133333 3.000000 
604.400000 2.000000 
604.533333 1.000000 
604.795787 0.000000 
616.966667 0.000000 
617.400000 1.000000 
634.400000 2.000000 
640.000000 1.000000 
640.364103 2.000000 
640.425641 3.000000 
640.456410 4.000000 
644.856410 3.000000 
650.364103 2.000000 
650.425641 1.000000 
650.456410 0.000000 
656.966667 0.000000 
657.317949 1.000000 
674.466667 2.000000 
680.000000 1.000000 
680.333333 2.000000 
684.800000 1.000000 
690.333333 0.000000 
696.966667 0.000000 
697.333333 1.000000 
697.364103 2.000000 
714.333333 3.000000 
715.653073 4.000000 
720.000000 3.000000 
720.066667 2.000000 
720.394872 3.000000 
724.661538 2.000000 
725.653073 1.000000 
730.394872 0.000000 
736.966667 0.000000 
737.333333 1.000000 
737.333333 2.000000 
737.533333 3.000000 
754.333333 4.000000 
754.400000 5.000000 
754.533333 6.000000 
760.000000 5.000000 
760.066667 4.000000 
760.133333 3.000000 
764.333333 2.000000 
764.400000 1.000000 
764.533333 0.000000 
776.966667 0.000000 
777.364103 1.000000 
777.400000 2.000000 
794.436175 3.000000 
800.000000 2.000000 
800.066667 1.000000 
800.364103 2.000000 
800.394872 3.000000 
804.764380 2.000000 
810.364103 1.000000 
810.394872 0.000000 
816.966667 0.000000 
817.333333 1.000000 
817.333333 2.000000 
834.333333 3.000000 
834.466667 4.000000 
840.000000 3.000000 
840.066667 2.000000 
844.333333 1.000000 
844.466667 0.000000 
856.966667 0.000000 
857.364103 1.000000 
858.662415 2.000000 
860.434423 3.000000 
874.400000 4.000000 
880.000000 3.000000 
880.066667 2.000000 
880.133333 1.000000 
880.333333 2.000000 
880.364103 3.000000 
884.630769 2.000000 
890.333333 1.000000 
890.364103 0.000000 
896.966667 0.000000 
897.466667 1.000000 
897.533333 2.000000 
897.666667 3.000000 
899.045240 4.000000 
914.333333 5.000000 
915.920149 6.000000 
920.000000 5.000000 
920.066667 4.000000 
920.133333 3.000000 
920.200000 2.000000 
924.333333 1.000000 
925.920149 0.000000 
936.966667 0.000000 
937.333333 1.000000 
937.364103 2.000000 
937.394872 3.000000 
937.400000 4.000000 
960.000000 3.000000 
960.066667 2.000000 
960.133333 1.000000 
960.200000 0.000000 
960.364103 1.000000 
977.000000 0.000000 
977.333333 1.000000 
977.364103 2.000000 
980.067497 3.000000 
979.564232 4.000000 
982.225565 5.000000 
983.844817 6.000000 
994.333333 7.000000 
1000.000000 6.000000 
