0.000000 0.000000 
16.984615 0.000000 
17.333333 1.000000 
17.400000 2.000000 
17.466667 3.000000 
34.333333 4.000000 
34.400000 5.000000 
34.466667 6.000000 
40.000000 5.000000 
40.030769 4.000000 
40.061538 3.000000 
40.092308 2.000000 
40.123077 1.000000 
40.153846 0.000000 
40.466667 1.000000 
40.533333 2.000000 
40.600000 3.000000 
44.856410 4.000000 
44.866667 5.000000 
44.933333 6.000000 
50.666667 7.000000 
57.000000 6.000000 
57.030769 5.000000 
57.061538 4.000000 
57.092308 3.000000 
57.123077 2.000000 
57.153846 1.000000 
57.184615 0.000000 
57.300000 1.000000 
57.400000 2.000000 
58.885000 3.000000 
60.591314 4.000000 
74.333333 5.000000 
74.520682 6.000000 
80.000000 5.000000 
80.030769 4.000000 
80.061538 3.000000 
80.092308 2.000000 
80.123077 1.000000 
80.153846 0.000000 
80.333333 1.000000 
85.092308 2.000000 
90.666667 3.000000 
97.000000 2.000000 
97.030769 1.000000 
97.061538 0.000000 
97.300000 1.000000 
114.333333 2.000000 
120.000000 1.000000 
120.030769 0.000000 
120.333333 1.000000 
120.400000 2.000000 
137.000000 1.000000 
137.030769 0.000000 
137.333333 1.000000 
137.300000 2.000000 
137.400000 3.000000 
137.466667 4.000000 
137.533333 5.000000 
160.000000 4.000000 
160.030769 3.000000 
160.061538 2.000000 
160.092308 1.000000 
160.123077 0.000000 
160.333333 1.000000 
160.400000 2.000000 
177.000000 1.000000 
177.030769 0.000000 
177.333333 1.000000 
177.333333 2.000000 
200.000000 1.000000 
200.030769 0.000000 
200.333333 1.000000 
205.100998 2.000000 
217.000000 1.000000 
217.030769 0.000000 
217.400000 1.000000 
240.000000 0.000000 
240.333333 1.000000 
240.400000 2.000000 
240.533333 3.000000 
250.666667 4.000000 
257.000000 3.000000 
257.030769 2.000000 
257.061538 1.000000 
257.092308 0.000000 
257.333333 1.000000 
257.400000 2.000000 
274.948990 3.000000 
280.000000 2.000000 
280.030769 1.000000 
280.061538 0.000000 
280.333333 1.000000 
285.061538 2.000000 
284.800000 3.000000 
290.728205 4.000000 
297.000000 3.000000 
297.030769 2.000000 
297.061538 1.000000 
297.092308 0.000000 
314.333333 1.000000 
315.283418 2.000000 
320.000000 1.000000 
320.030769 0.000000 
320.333333 1.000000 
320.400000 2.000000 
320.466667 3.000000 
320.533333 4.000000 
320.600000 5.000000 
324.666667 6.000000 
324.733333 7.000000 
337.000000 6.000000 
337.030769 5.000000 
337.061538 4.000000 
337.092308 3.000000 
337.123077 2.000000 
337.153846 1.000000 
337.184615 0.000000 
337.333333 1.000000 
337.400000 2.000000 
337.466667 3.000000 
337.533333 4.000000 
360.000000 3.000000 
360.030769 2.000000 
360.061538 1.000000 
360.092308 0.000000 
360.333333 1.000000 
360.400000 2.000000 
360.466667 3.000000 
365.025641 4.000000 
370.758974 5.000000 
377.000000 4.000000 
377.030769 3.000000 
377.061538 2.000000 
377.092308 1.000000 
377.123077 0.000000 
377.300000 1.000000 
377.400000 2.000000 
394.400000 3.000000 
394.533333 4.000000 
394.880750 5.000000 
400.000000 4.000000 
400.030769 3.000000 
400.061538 2.000000 
400.092308 1.000000 
400.123077 0.000000 
400.466667 1.000000 
400.533333 2.000000 
400.600000 3.000000 
400.666667 4.000000 
404.733333 5.000000 
410.728205 6.000000 
417.000000 5.000000 
417.030769 4.000000 
417.061538 3.000000 
417.092308 2.000000 
417.123077 1.000000 
417.153846 0.000000 
417.333333 1.000000 
417.300000 2.000000 
417.400000 3.000000 
435.815112 4.000000 
440.000000 3.000000 
440.030769 2.000000 
440.061538 1.000000 
440.092308 0.000000 
440.466667 1.000000 
440.533333 2.000000 
440.600000 3.000000 
440.666667 4.000000 
457.000000 3.000000 
457.030769 2.000000 
457.061538 1.000000 
457.092308 0.000000 
457.333333 1.000000 
457.400000 2.000000 
457.400000 3.000000 
457.466667 4.000000 
480.000000 3.000000 
480.030769 2.000000 
480.061538 1.000000 
480.092308 0.000000 
480.333333 1.000000 
480.400000 2.000000 
484.958974 3.000000 
484.800000 4.000000 
490.728205 5.000000 
490.758974 6.000000 
497.000000 5.000000 
497.030769 4.000000 
497.061538 3.000000 
497.092308 2.000000 
497.123077 1.000000 
497.153846 0.000000 
497.400000 1.000000 
497.652123 2.000000 
514.300000 3.000000 
520.000000 2.000000 
520.030769 1.000000 
520.061538 0.000000 
520.333333 1.000000 
521.565421 2.000000 
521.298754 3.000000 
537.000000 2.000000 
537.030769 1.000000 
537.061538 0.000000 
537.333333 1.000000 
537.300000 2.000000 
538.809416 3.000000 
541.399870 4.000000 
554.400000 5.000000 
554.466667 6.000000 
555.229748 7.000000 
560.000000 6.000000 
560.030769 5.000000 
560.061538 4.000000 
560.092308 3.000000 
560.123077 2.000000 
560.153846 1.000000 
560.184615 0.000000 
560.333333 1.000000 
560.400000 2.000000 
564.892308 3.000000 
570.666667 4.000000 
570.697436 5.000000 
570.758974 6.000000 
577.000000 5.000000 
577.030769 4.000000 
577.061538 3.000000 
577.092308 2.000000 
577.123077 1.000000 
577.153846 0.000000 
577.333333 1.000000 
577.466667 2.000000 
594.300000 3.000000 
600.000000 2.000000 
600.030769 1.000000 
600.061538 0.000000 
600.333333 1.000000 
600.466667 2.000000 
604.733333 3.000000 
617.000000 2.000000 
617.030769 1.000000 
617.061538 0.000000 
617.333333 1.000000 
617.300000 2.000000 
617.400000 3.000000 
617.533333 4.000000 
634.400000 5.000000 
634.466667 6.000000 
640.000000 5.000000 
640.030769 4.000000 
640.061538 3.000000 
640.092308 2.000000 
640.123077 1.000000 
640.153846 0.000000 
656.984615 0.000000 
657.400000 1.000000 
680.000000 0.000000 
680.333333 1.000000 
690.666667 2.000000 
697.000000 1.000000 
697.030769 0.000000 
697.300000 1.000000 
699.931609 2.000000 
714.333333 3.000000 
720.000000 2.000000 
720.030769 1.000000 
720.061538 0.000000 
730.728205 1.000000 
737.000000 0.000000 
737.333333 1.000000 
737.300000 2.000000 
738.662187 3.000000 
754.333333 4.000000 
760.000000 3.000000 
760.030769 2.000000 
760.061538 1.000000 
760.092308 0.000000 
760.400000 1.000000 
760.466667 2.000000 
764.866667 3.000000 
777.000000 2.000000 
777.030769 1.000000 
777.061538 0.000000 
777.333333 1.000000 
777.300000 2.000000 
777.466667 3.000000 
794.333333 4.000000 
800.000000 3.000000 
800.030769 2.000000 
800.061538 1.000000 
800.092308 0.000000 
800.333333 1.000000 
800.400000 2.000000 
805.097714 3.000000 
810.697436 4.000000 
810.728205 5.000000 
817.000000 4.000000 
817.030769 3.000000 
817.061538 2.000000 
817.092308 1.000000 
817.123077 0.000000 
817.666667 1.000000 
836.542188 2.000000 
840.000000 1.000000 
840.030769 0.000000 
840.400000 1.000000 
844.800000 2.000000 
857.000000 1.000000 
857.030769 0.000000 
857.300000 1.000000 
874.333333 2.000000 
877.181052 3.000000 
880.000000 2.000000 
880.030769 1.000000 
880.061538 0.000000 
890.666667 1.000000 
897.000000 0.000000 
897.333333 1.000000 
914.400000 2.000000 
920.000000 1.000000 
920.030769 0.000000 
920.466667 1.000000 
920.533333 2.000000 
926.253482 3.000000 
937.000000 2.000000 
937.030769 1.000000 
937.061538 0.000000 
937.300000 1.000000 
937.400000 2.000000 
960.000000 1.000000 
960.030769 0.000000 
960.333333 1.000000 
960.466667 2.000000 
960.533333 3.000000 
977.000000 2.000000 
977.030769 1.000000 
977.061538 0.000000 
977.333333 1.000000 
977.333333 2.000000 
977.466667 3.000000 
1000.000000 2.000000 
